0 0.9 0.124815 0.137399
1 2.7 0.0890009 0.115713
2 4.5 0.0595624 0.0805115
3 6.3 0.0456298 0.0880689
4 8.1 0.0374486 0.0803819
5 9.9 0.0259151 0.0893013
6 11.7 0.0184833 0.073739
7 13.5 0.0116895 0.0811715
8 15.3 0.00894574 0.0812441
9 17.1 0.00807499 0.0602094
10 18.9 0.00501352 0.054147
11 20.7 0.00317304 0.0543979
12 22.5 0.00335447 0.0539911
13 24.3 0.00334186 0.0541224
14 26.1 0.00150794 0.0540253
15 27.9 0.00189917 0.0540799
16 29.7 0.00107474 0.0541235
17 31.5 0.000956619 0.0541862
18 33.3 0.000911989 0.0541988
19 35.1 0.00100392 0.0540597
20 36.9 0.00063621 0.0542221
21 38.7 0.000520756 0.0539995
22 40.5 0.000451871 0.0540495
23 42.3 0.000538704 0.0543308
24 44.1 0.000463514 0.0539549
25 45.9 0.000282329 0.0540611
26 47.7 0.000268503 0.0541046
27 49.5 0.000322107 0.0541882
28 51.3 0.000483403 0.0541102
29 53.1 0.000155475 0.0541736
30 54.9 0.00061632 0.0539664
31 56.7 0.000355579 0.0541193
32 58.5 0.000139224 0.0541191
33 60.3 0.000146258 0.054049
34 62.1 0.000409668 0.0542432
35 63.9 0.000116667 0.054057
36 65.7 9.28968e-05 0.0538619
37 67.5 8.53777e-05 0.0544661
38 69.3 7.97991e-05 0.0540348
39 71.1 7.7131e-05 0.0540413
40 72.9 7.56757e-05 0.0540714
41 74.7 7.51906e-05 0.0541602
42 76.5 7.49481e-05 0.0540733
43 78.3 7.4463e-05 0.0541339
44 80.1 7.228e-05 0.0541316
45 81.9 6.88843e-05 0.0537826
46 83.7 6.71864e-05 0.0543084
47 85.5 6.59737e-05 0.054228
48 87.3 6.5246e-05 0.0540222
49 89.1 6.45184e-05 0.0539856
50 90.9 6.45184e-05 0.0541179
51 92.7 6.42758e-05 0.0540241
52 94.5 6.47609e-05 0.0543436
53 96.3 6.47609e-05 0.0538009
54 98.1 6.67013e-05 0.0541728
55 99.9 6.83992e-05 0.054286
56 101.7 6.88843e-05 0.0539783
57 103.5 6.98545e-05 0.0541928
58 105.3 7.10673e-05 0.054228
59 107.1 7.228e-05 0.0537782
60 108.9 0.000228725 0.054028
61 110.7 0.000236001 0.0542529
62 112.5 0.000388808 0.0542653
63 114.3 0.00101968 0.0540661
64 116.1 0.000605891 0.0540376
65 117.9 0.000737111 0.0594889
66 119.7 0.00173229 0.0675163
67 121.5 0.00248663 0.0755724
68 123.3 0.00484834 0.0910199
69 125.1 0.00641133 0.0938272
70 126.9 0.00759352 0.103462
71 128.7 0.0113812 0.110076
72 130.5 0.0188137 0.130434
73 132.3 0.0290604 0.154272
74 134.1 0.0494201 0.171266
75 135.9 0.0799065 0.189613
76 137.7 0.117321 0.19156
77 139.5 0.161368 0.21808
78 141.3 0.222915 0.211835
79 143.1 0.305822 0.240494
80 144.9 0.399373 0.187083
81 146.7 0.506161 0.102944
82 148.5 0.638326 0.0801105
83 150.3 0.741552 0.203189
84 152.1 0.86391 0.464066
85 153.9 0.984563 0.664674
86 155.7 1.06619 0.693216
87 157.5 1.1201 0.615104
88 159.3 1.16815 0.531591
89 161.1 1.14327 0.520056
90 162.9 1.12608 0.505558
91 164.7 1.06574 0.464662
92 166.5 0.998437 0.491575
93 168.3 0.889343 0.507738
94 170.1 0.748815 0.530404
95 171.9 0.620374 0.470416
96 173.7 0.496721 0.488402
97 175.5 0.373393 0.420576
98 177.3 0.287654 0.296447
99 179.1 0.206286 0.211813
100 180.9 0.154618 0.182827
101 182.7 0.109436 0.158655
102 184.5 0.0766462 0.180721
103 186.3 0.053973 0.155313
104 188.1 0.0415292 0.130941
105 189.9 0.0317309 0.124297
106 191.7 0.0240913 0.121784
107 193.5 0.0176441 0.0963765
108 195.3 0.0130805 0.090112
109 197.1 0.0096717 0.0774858
110 198.9 0.00656851 0.0802967
111 200.7 0.00490655 0.0810521
112 202.5 0.00412627 0.0811361
113 204.3 0.00343282 0.0813028
114 206.1 0.00301369 0.0809482
115 207.9 0.00197848 0.081425
116 209.7 0.00137744 0.0811509
117 211.5 0.00128042 0.0812375
118 213.3 0.00130007 0.08103
119 215.1 0.0019079 0.0810256
120 216.9 0.00146476 0.0814348
121 218.7 0.00120766 0.0810599
122 220.5 0.00108469 0.081181
123 222.3 0.000749723 0.0736566
124 224.1 0.000450901 0.0675157
125 225.9 0.000439016 0.0677261
126 227.7 0.000543555 0.0675172
127 229.5 0.000617291 0.067688
128 231.3 0.000289363 0.0677989
129 233.1 0.000342239 0.0674379
130 234.9 0.000302703 0.0677431
131 236.7 0.000176092 0.0674457
132 238.5 0.000170998 0.0678647
133 240.3 0.000177304 0.0675573
134 242.1 0.000195253 0.0675402
135 243.9 0.0002035 0.0677574
136 245.7 0.00025298 0.0676097
137 247.5 0.000280146 0.0578125
138 249.3 0.000182883 0.0539309
139 251.1 0.000138739 0.0542323
140 252.9 0.000104782 0.0539552
141 254.7 9.6535e-05 0.0540514
142 256.5 0.000101871 0.0543964
143 258.3 0.000116667 0.0539316
144 260.1 0.000121033 0.0539887
145 261.9 0.000113514 0.0542663
146 263.7 0.000102599 0.0539961
147 265.5 9.55648e-05 0.0543775
148 267.3 9.26542e-05 0.0537409
149 269.1 9.53223e-05 0.0543309
150 270.9 9.72627e-05 0.0540587
151 272.7 9.96882e-05 0.053999
152 274.5 0.000100173 0.0541642
153 276.3 0.000102599 0.0541287
154 278.1 0.000104539 0.0540038
155 279.9 0.000105024 0.0541492
156 281.7 0.000105752 0.0540955
157 283.5 0.000127581 0.054211
158 285.3 9.53223e-05 0.0539333
159 287.1 8.63479e-05 0.0541334
160 288.9 0.000150139 0.054096
161 290.7 0.000157173 0.0540961
162 292.5 0.000218295 0.054206
163 294.3 0.000236972 0.0538166
164 296.1 0.000212474 0.0541423
165 297.9 0.000362128 0.0563447
166 299.7 0.000997367 0.0676931
167 301.5 0.000879002 0.0677526
168 303.3 0.00125714 0.0675935
169 305.1 0.00241968 0.0635573
170 306.9 0.00620226 0.0637243
171 308.7 0.00984294 0.0697932
172 310.5 0.014741 0.0873556
173 312.3 0.0258042 0.0903068
174 314.1 0.0456121 0.104216
175 315.9 0.0612903 0.09409
176 317.7 0.0986768 0.146017
177 319.5 0.138421 0.23001
178 321.3 0.183331 0.315725
179 323.1 0.267476 0.401077
180 324.9 0.344681 0.46736
181 326.7 0.426613 0.554539
182 328.5 0.52081 0.604569
183 330.3 0.648068 0.645882
184 332.1 0.764164 0.669021
185 333.9 0.883136 0.735147
186 335.7 0.957706 0.751573
187 337.5 1.01613 0.67437
188 339.3 1.01844 0.804976
189 341.1 1.01014 0.799359
190 342.9 0.987225 0.726183
191 344.7 0.964178 0.606199
192 346.5 0.847116 0.538079
193 348.3 0.755393 0.483316
194 350.1 0.649575 0.36107
195 351.9 0.517293 0.245257
196 353.7 0.423865 0.263976
197 355.5 0.315041 0.28154
198 357.3 0.245651 0.22225
199 359.1 0.177679 0.205337
