0 0.9 0.195289 0.304818
1 2.7 0.153069 0.300339
2 4.5 0.118722 0.259222
3 6.3 0.0900479 0.150956
4 8.1 0.0682813 0.157928
5 9.9 0.0494752 0.0989617
6 11.7 0.0389052 0.0602617
7 13.5 0.0292275 0.0461565
8 15.3 0.0232121 0.0713817
9 17.1 0.0189337 0.0631067
10 18.9 0.0147345 0.0675066
11 20.7 0.0123506 0.0687491
12 22.5 0.0104214 0.117072
13 24.3 0.00778718 0.0772837
14 26.1 0.00755541 0.129154
15 27.9 0.00562537 0.0891654
16 29.7 0.00514811 0.0868632
17 31.5 0.00432603 0.0815001
18 33.3 0.00409588 0.0878647
19 35.1 0.00334244 0.0874948
20 36.9 0.00202371 0.0866041
21 38.7 0.00210851 0.0692735
22 40.5 0.00182344 0.0710916
23 42.3 0.00194457 0.0739844
24 44.1 0.00142209 0.0704144
25 45.9 0.000902837 0.102814
26 47.7 0.000475645 0.0838064
27 49.5 0.000400543 0.113826
28 51.3 0.000408619 0.114357
29 53.1 0.000318981 0.111093
30 54.9 0.000247109 0.113578
31 56.7 0.000344823 0.115349
32 58.5 0.000369049 0.112524
33 60.3 0.00043769 0.113275
34 62.1 0.00047726 0.114213
35 63.9 0.000334324 0.112962
36 65.7 0.000349668 0.115109
37 67.5 0.000336747 0.11283
38 69.3 0.000226921 0.115009
39 71.1 0.000145358 0.113407
40 72.9 0.000141321 0.113678
41 74.7 0.000146166 0.114185
42 76.5 0.000235804 0.112707
43 78.3 0.000153434 0.114647
44 80.1 0.000130823 0.11418
45 81.9 0.000112249 0.114424
46 83.7 0.000126785 0.113168
47 85.5 0.00012194 0.113088
48 87.3 0.000123555 0.113083
49 89.1 0.000114672 0.116308
50 90.9 0.000105789 0.112397
51 92.7 9.85207e-05 0.111861
52 94.5 0.000144551 0.114459
53 96.3 0.000218845 0.116421
54 98.1 0.000151011 0.110797
55 99.9 0.0001284 0.113598
56 101.7 0.000119517 0.117649
57 103.5 0.000119517 0.113941
58 105.3 0.000221268 0.111966
59 107.1 0.000264875 0.11191
60 108.9 0.000408619 0.115646
61 110.7 0.000429615 0.109831
62 112.5 0.000667034 0.118763
63 114.3 0.0016264 0.0976064
64 116.1 0.00188643 0.0848545
65 117.9 0.0023653 0.0898644
66 119.7 0.00419036 0.0793601
67 121.5 0.005564 0.084212
68 123.3 0.00960739 0.120504
69 125.1 0.00979231 0.0618841
70 126.9 0.015811 0.106522
71 128.7 0.0248765 0.10477
72 130.5 0.0388672 0.0462347
73 132.3 0.0542631 0.0782735
74 134.1 0.0725629 0.0277002
75 135.9 0.10481 0.0614167
76 137.7 0.142832 0.0826995
77 139.5 0.189723 0.122017
78 141.3 0.258603 0.134811
79 143.1 0.32446 0.205046
80 144.9 0.398352 0.231568
81 146.7 0.483437 0.320873
82 148.5 0.571995 0.506844
83 150.3 0.673791 0.466897
84 152.1 0.772809 0.320077
85 153.9 0.845066 0.304447
86 155.7 0.912129 0.506834
87 157.5 0.957651 0.66022
88 159.3 0.971596 0.623827
89 161.1 0.961254 0.43705
90 162.9 0.942315 0.494124
91 164.7 0.879474 0.515824
92 166.5 0.825155 0.386268
93 168.3 0.738469 0.385113
94 170.1 0.656156 0.340445
95 171.9 0.562209 0.262248
96 173.7 0.469048 0.26812
97 175.5 0.381626 0.125424
98 177.3 0.30397 -0.00929103
99 179.1 0.247156 -0.0101299
100 180.9 0.186399 -0.051834
101 182.7 0.147228 0.0116166
102 184.5 0.111513 0.0238828
103 186.3 0.0823569 0.0408526
104 188.1 0.0662528 0.0189816
105 189.9 0.0545651 0.0682597
106 191.7 0.0433394 0.0748672
107 193.5 0.0321048 0.0989454
108 195.3 0.0271667 0.0173568
109 197.1 0.0221034 0.0790448
110 198.9 0.0163843 0.082848
111 200.7 0.012584 0.0847323
112 202.5 0.0111191 0.082611
113 204.3 0.00685688 0.0862278
114 206.1 0.00599281 0.0712543
115 207.9 0.00565121 0.0620519
116 209.7 0.00477341 0.0564909
117 211.5 0.00276262 0.0648968
118 213.3 0.00228374 0.0729666
119 215.1 0.00234027 0.0723946
120 216.9 0.00200595 0.0786217
121 218.7 0.00138091 0.081911
122 220.5 0.00143501 0.0900486
123 222.3 0.00141159 0.0835626
124 224.1 0.000872151 0.0850796
125 225.9 0.000942407 0.0874281
126 227.7 0.000644422 0.0857928
127 229.5 0.000366626 0.100504
128 231.3 0.00029314 0.10034
129 233.1 0.000225306 0.0885197
130 234.9 0.000161509 0.0869684
131 236.7 0.0001712 0.0861083
132 238.5 0.000135668 0.0833786
133 240.3 8.07547e-05 0.0859317
134 242.1 8.31773e-05 0.0855936
135 243.9 7.91396e-05 0.084262
136 245.7 0.000203502 0.0852494
137 247.5 0.000153434 0.085849
138 249.3 0.000135668 0.0872629
139 251.1 0.000134053 0.0846837
140 252.9 0.000136475 0.0843767
141 254.7 0.000221268 0.0849339
142 256.5 0.000151011 0.0870143
143 258.3 0.000149396 0.0834759
144 260.1 0.000126785 0.0846749
145 261.9 0.000121132 0.0863579
146 263.7 0.000121132 0.0852528
147 265.5 0.000121132 0.0853322
148 267.3 0.000205117 0.0860204
149 269.1 0.000159087 0.0841008
150 270.9 0.000105789 0.0868677
151 272.7 8.80226e-05 0.0849058
152 274.5 7.75245e-05 0.0856572
153 276.3 7.6717e-05 0.0840941
154 278.1 0.000125977 0.0857167
155 279.9 0.000104174 0.0851907
156 281.7 0.000102558 0.0844287
157 283.5 0.000175238 0.0847143
158 285.3 0.000312521 0.0853471
159 287.1 0.000362589 0.0887453
160 288.9 0.000274566 0.0822385
161 290.7 0.000578204 0.082362
162 292.5 0.000919796 0.0886495
163 294.3 0.00113541 0.0806165
164 296.1 0.00175399 0.0837469
165 297.9 0.00276746 0.0856636
166 299.7 0.0037349 0.0817851
167 301.5 0.00585956 0.122149
168 303.3 0.00876027 0.10053
169 305.1 0.0129208 0.0987684
170 306.9 0.0196767 0.0784958
171 308.7 0.0270666 0.0891704
172 310.5 0.0405833 0.115507
173 312.3 0.0574465 0.0560498
174 314.1 0.0805173 0.138029
175 315.9 0.106764 0.199304
176 317.7 0.149298 0.213983
177 319.5 0.202936 0.155057
178 321.3 0.258911 0.0913542
179 323.1 0.341358 0.171603
180 324.9 0.41932 0.270044
181 326.7 0.514678 0.225321
182 328.5 0.61185 0.311995
183 330.3 0.695726 0.438891
184 332.1 0.807692 0.448251
185 333.9 0.904346 0.436642
186 335.7 0.962838 0.616068
187 337.5 0.994181 0.726392
188 339.3 1.00977 0.618356
189 341.1 1.00808 0.571599
190 342.9 0.978279 0.434098
191 344.7 0.921567 0.56302
192 346.5 0.82322 0.611871
193 348.3 0.725213 0.37027
194 350.1 0.651623 0.581044
195 351.9 0.555903 0.469446
196 353.7 0.461748 0.438984
197 355.5 0.372114 0.34176
198 357.3 0.301883 0.426058
199 359.1 0.234323 0.36849
