0 0.9 0.206201 -0.0227032
1 2.7 0.160935 -0.0132144
2 4.5 0.11329 0.0054878
3 6.3 0.0894162 0.00984515
4 8.1 0.0610504 0.016142
5 9.9 0.0412637 0.0186173
6 11.7 0.0318947 0.0221518
7 13.5 0.0261566 0.0263025
8 15.3 0.0198286 0.0255793
9 17.1 0.0138453 0.0375521
10 18.9 0.00891304 0.0424164
11 20.7 0.00755703 0.0481125
12 22.5 0.00790259 0.048222
13 24.3 0.00831636 0.0477097
14 26.1 0.00627352 0.042615
15 27.9 0.00495904 0.0482283
16 29.7 0.00288578 0.0554546
17 31.5 0.00164074 0.0630606
18 33.3 0.00155199 0.064276
19 35.1 0.00110156 0.0642526
20 36.9 0.00144296 0.0642876
21 38.7 0.000938778 0.0694117
22 40.5 0.000565711 0.0723168
23 42.3 0.00111698 0.072278
24 44.1 0.000617379 0.072271
25 45.9 0.000857664 0.0722829
26 47.7 0.000667936 0.072299
27 49.5 0.000627935 0.0730707
28 51.3 0.000619324 0.0802747
29 53.1 0.000930166 0.0802691
30 54.9 0.000690576 0.0803465
31 56.7 0.000692798 0.0803113
32 58.5 0.000608768 0.0747354
33 60.3 0.000533627 0.072295
34 62.1 0.00058724 0.0722808
35 63.9 0.000471681 0.0723293
36 65.7 0.000432652 0.0722641
37 67.5 0.000412651 0.0723151
38 69.3 0.000454458 0.0722577
39 71.1 0.000445152 0.0723191
40 72.9 0.000367094 0.0722472
41 74.7 0.00036765 0.0780059
42 76.5 0.000359733 0.0802863
43 78.3 0.000332232 0.0803197
44 80.1 0.000271952 0.0723583
45 81.9 0.000295148 0.0784241
46 83.7 0.00029737 0.0802913
47 85.5 0.000277092 0.0803273
48 87.3 0.000267091 0.08034
49 89.1 0.000267369 0.0802443
50 90.9 0.000285564 0.0876003
51 92.7 0.000287925 0.0883758
52 94.5 0.000292925 0.0882552
53 96.3 0.000297509 0.0883356
54 98.1 0.000300703 0.0883314
55 99.9 0.000304037 0.0883404
56 101.7 0.000322093 0.0930797
57 103.5 0.000331538 0.0964801
58 105.3 0.000391262 0.102582
59 107.1 0.000511265 0.112339
60 108.9 0.00071391 0.116247
61 110.7 0.000644463 0.120508
62 112.5 0.000827802 0.138615
63 114.3 0.00119142 0.170031
64 116.1 0.0017613 0.182351
65 117.9 0.00256341 0.192406
66 119.7 0.0052396 0.208019
67 121.5 0.00522585 0.220299
68 123.3 0.00626977 0.224838
69 125.1 0.00882262 0.224908
70 126.9 0.0135729 0.232576
71 128.7 0.0269958 0.257987
72 130.5 0.0341009 0.249915
73 132.3 0.0496177 0.238338
74 134.1 0.0751351 0.280428
75 135.9 0.0952531 0.281002
76 137.7 0.136791 0.300039
77 139.5 0.190864 0.319514
78 141.3 0.247262 0.366913
79 143.1 0.318144 0.396602
80 144.9 0.402235 0.454479
81 146.7 0.481913 0.487023
82 148.5 0.584459 0.501024
83 150.3 0.623182 0.502899
84 152.1 0.726319 0.495977
85 153.9 0.768468 0.456875
86 155.7 0.853547 0.467584
87 157.5 0.909248 0.416676
88 159.3 0.974226 0.424192
89 161.1 1.01476 0.415013
90 162.9 0.993505 0.431191
91 164.7 0.961012 0.415823
92 166.5 0.915134 0.357835
93 168.3 0.834032 0.28793
94 170.1 0.775777 0.245622
95 171.9 0.659978 0.244078
96 173.7 0.553624 0.238422
97 175.5 0.475644 0.202888
98 177.3 0.380311 0.182162
99 179.1 0.300482 0.12248
100 180.9 0.242217 0.0651196
101 182.7 0.181774 0.0343198
102 184.5 0.142799 0.00397145
103 186.3 0.103051 -0.0032219
104 188.1 0.0784737 0.00123306
105 189.9 0.0550095 -0.00326319
106 191.7 0.0421533 0.00986995
107 193.5 0.0368855 0.0329373
108 195.3 0.0236585 0.0598889
109 197.1 0.0227805 0.0562472
110 198.9 0.0143868 0.0477216
111 200.7 0.012147 0.0518241
112 202.5 0.00823094 0.0594575
113 204.3 0.00576392 0.0562554
114 206.1 0.00614226 0.0562589
115 207.9 0.00496667 0.0562721
116 209.7 0.00484153 0.056195
117 211.5 0.00314106 0.0561406
118 213.3 0.00294078 0.0562593
119 215.1 0.00192492 0.0617782
120 216.9 0.00200228 0.0634738
121 218.7 0.00191103 0.0562587
122 220.5 0.00148602 0.0562163
123 222.3 0.00181991 0.056264
124 224.1 0.0018045 0.0549831
125 225.9 0.00139796 0.0554191
126 227.7 0.00110225 0.0526759
127 229.5 0.00147629 0.0481886
128 231.3 0.000977945 0.0481974
129 233.1 0.000918916 0.0481666
130 234.9 0.000616546 0.048215
131 236.7 0.000431957 0.0481563
132 238.5 0.000335565 0.048219
133 240.3 0.000363483 0.0481922
134 242.1 0.00068627 0.0482306
135 243.9 0.000676826 0.0481741
136 245.7 0.000349594 0.0481804
137 247.5 0.000429179 0.0481823
138 249.3 0.000609185 0.0481792
139 251.1 0.000314593 0.0482124
140 252.9 0.000274314 0.0508439
141 254.7 0.000293064 0.0561746
142 256.5 0.000299453 0.0561646
143 258.3 0.00029737 0.0562287
144 260.1 0.000299592 0.0593978
145 261.9 0.000304037 0.0642728
146 263.7 0.000322371 0.0717505
147 265.5 0.000328065 0.0722451
148 267.3 0.000338066 0.0722889
149 269.1 0.000505709 0.0833532
150 270.9 0.000485431 0.0884144
151 272.7 0.000325426 0.0883131
152 274.5 0.000334454 0.0882981
153 276.3 0.000388345 0.088366
154 278.1 0.000600573 0.0884472
155 279.9 0.000389734 0.0882745
156 281.7 0.000369039 0.0875005
157 283.5 0.000376817 0.0883701
158 285.3 0.000702104 0.0984344
159 287.1 0.000699048 0.108545
160 288.9 0.000586684 0.11645
161 290.7 0.000857386 0.136511
162 292.5 0.000878498 0.14864
163 294.3 0.00197909 0.159094
164 296.1 0.00181394 0.173873
165 297.9 0.00216798 0.188724
166 299.7 0.0023891 0.202065
167 301.5 0.00506265 0.218174
168 303.3 0.00994321 0.248865
169 305.1 0.01256 0.290687
170 306.9 0.0148318 0.329523
171 308.7 0.0209602 0.347345
172 310.5 0.0258305 0.364525
173 312.3 0.0413968 0.386903
174 314.1 0.0607767 0.384837
175 315.9 0.0952528 0.414597
176 317.7 0.128399 0.488187
177 319.5 0.178157 0.508266
178 321.3 0.251741 0.528998
179 323.1 0.313041 0.517477
180 324.9 0.393921 0.54743
181 326.7 0.444837 0.61292
182 328.5 0.537537 0.557465
183 330.3 0.605341 0.546045
184 332.1 0.702304 0.598762
185 333.9 0.77784 0.591367
186 335.7 0.830363 0.586253
187 337.5 0.897394 0.519062
188 339.3 0.931604 0.479436
189 341.1 0.930555 0.399123
190 342.9 0.951534 0.327162
191 344.7 0.927666 0.22851
192 346.5 0.869107 0.207617
193 348.3 0.783888 0.149002
194 350.1 0.697039 0.0879085
195 351.9 0.59989 0.0261584
196 353.7 0.498841 -0.00774026
197 355.5 0.421921 -0.0172182
198 357.3 0.339277 -0.0396585
199 359.1 0.256592 -0.0236851
