0 0.9 0.233455 0.265316
1 2.7 0.190959 0.369415
2 4.5 0.149472 0.32387
3 6.3 0.119224 0.286545
4 8.1 0.0922311 0.142815
5 9.9 0.0755579 0.045699
6 11.7 0.0574969 0.188403
7 13.5 0.0432513 0.132202
8 15.3 0.0355665 -0.019403
9 17.1 0.0289776 0.188544
10 18.9 0.0221737 0.0992865
11 20.7 0.0174106 0.0474814
12 22.5 0.0137231 -0.504228
13 24.3 0.0117411 0.0950054
14 26.1 0.00803824 0.0204746
15 27.9 0.00661702 0.124766
16 29.7 0.00540577 0.106828
17 31.5 0.00520091 0.0571675
18 33.3 0.00393846 0.0706468
19 35.1 0.0034724 0.0592844
20 36.9 0.00251979 0.0469843
21 38.7 0.00219458 0.112846
22 40.5 0.00171059 0.0514477
23 42.3 0.00135208 0.0980471
24 44.1 0.0012855 0.038888
25 45.9 0.00097053 0.0619171
26 47.7 0.000681163 0.0965423
27 49.5 0.000571051 0.0681508
28 51.3 0.000650434 0.0395948
29 53.1 0.000537761 0.0986026
30 54.9 0.000548004 0.0515288
31 56.7 0.000504471 0.0686265
32 58.5 0.000376432 0.0631832
33 60.3 0.000381554 0.0770724
34 62.1 0.000276563 0.0763844
35 63.9 0.000371311 0.0462591
36 65.7 0.000263759 0.0777282
37 67.5 0.000212543 0.0615146
38 69.3 0.000250955 0.0781099
39 71.1 0.00023303 0.0613552
40 72.9 0.000299609 0.0671998
41 74.7 0.000299609 0.0730297
42 76.5 0.000194618 0.0640199
43 78.3 0.000230469 0.0438583
44 80.1 0.000161328 0.0947809
45 81.9 0.000171571 0.0576152
46 83.7 0.000140842 0.0690044
47 85.5 0.00013316 0.059517
48 87.3 0.000194618 0.0753572
49 89.1 0.000161328 0.0760968
50 90.9 0.000145964 0.0639827
51 92.7 0.000163889 0.07056
52 94.5 0.000197179 0.0557642
53 96.3 0.000194618 0.08519
54 98.1 0.000192057 0.0560563
55 99.9 0.000245833 0.082981
56 101.7 0.00033546 0.0740674
57 103.5 0.000732379 0.0843647
58 105.3 0.00100382 0.0789678
59 107.1 0.00111649 0.0562426
60 108.9 0.00154414 0.0397524
61 110.7 0.00225603 0.124996
62 112.5 0.00321632 0.108564
63 114.3 0.00429952 0.162022
64 116.1 0.00489874 -0.00861094
65 117.9 0.00732379 0.11176
66 119.7 0.00984102 0.773942
67 121.5 0.0131751 0.37217
68 123.3 0.0181225 0.0358238
69 125.1 0.0252389 0.154271
70 126.9 0.0340659 0.0109213
71 128.7 0.0438326 0.0563443
72 130.5 0.0593073 0.0507108
73 132.3 0.080595 0.115288
74 134.1 0.104925 0.299039
75 135.9 0.137352 0.0251789
76 137.7 0.180268 0.154957
77 139.5 0.231962 0.0810646
78 141.3 0.28698 0.139815
79 143.1 0.347324 0.22912
80 144.9 0.427927 0.0914489
81 146.7 0.50032 0.0219462
82 148.5 0.581539 -0.0105665
83 150.3 0.659942 -0.0527602
84 152.1 0.726077 0.393254
85 153.9 0.786152 0.399695
86 155.7 0.842789 0.0818569
87 157.5 0.87721 0.517396
88 159.3 0.882335 0.663876
89 161.1 0.887254 0.407891
90 162.9 0.864302 0.593686
91 164.7 0.828269 0.5378
92 166.5 0.786621 0.398629
93 168.3 0.719232 0.976047
94 170.1 0.642145 0.228624
95 171.9 0.568423 0.684174
96 173.7 0.482684 0.675813
97 175.5 0.403551 0.262792
98 177.3 0.339409 0.250589
99 179.1 0.277551 0.445349
100 180.9 0.226566 0.205201
101 182.7 0.185745 0.124063
102 184.5 0.143633 0.477491
103 186.3 0.115406 0.055648
104 188.1 0.093829 0.101015
105 189.9 0.0719396 0.39452
106 191.7 0.0555814 0.116987
107 193.5 0.0432795 0.236188
108 195.3 0.0360248 0.178317
109 197.1 0.0284859 0.0669421
110 198.9 0.0222582 0.217636
111 200.7 0.0175566 0.0981442
112 202.5 0.0151213 0.209611
113 204.3 0.0102559 0.0872497
114 206.1 0.00846077 0.121969
115 207.9 0.00704979 0.0727813
116 209.7 0.00517787 0.0994899
117 211.5 0.00478095 0.156243
118 213.3 0.00398711 0.117863
119 215.1 0.00359531 0.134152
120 216.9 0.00245833 0.111548
121 218.7 0.00217409 0.101203
122 220.5 0.00160304 0.107381
123 222.3 0.00112162 0.109727
124 224.1 0.000868099 0.105433
125 225.9 0.000906511 0.103636
126 227.7 0.000681163 0.11671
127 229.5 0.000932118 0.101275
128 231.3 0.000801519 0.096668
129 233.1 0.000512153 0.102228
130 234.9 0.000404601 0.124216
131 236.7 0.000230469 0.111204
132 238.5 0.000343142 0.0922524
133 240.3 0.000263759 0.114672
134 242.1 0.000361068 0.100547
135 243.9 0.000312413 0.0859637
136 245.7 0.000320096 0.104382
137 247.5 0.000417405 0.100847
138 249.3 0.00056849 0.0879469
139 251.1 0.000330339 0.0619046
140 252.9 0.000507031 0.103229
141 254.7 0.000489106 0.0970437
142 256.5 0.000312413 0.101413
143 258.3 0.000294488 0.0976862
144 260.1 0.00033546 0.0979813
145 261.9 0.000248394 0.0993832
146 263.7 0.000286806 0.0915469
147 265.5 0.000286806 0.106028
148 267.3 0.000422526 0.0809974
149 269.1 0.000389236 0.0931491
150 270.9 0.000407162 0.117395
151 272.7 0.000658117 0.0907588
152 274.5 0.000586415 0.0908739
153 276.3 0.00077079 0.113538
154 278.1 0.00093724 0.0871161
155 279.9 0.00111649 0.075743
156 281.7 0.00131623 0.110605
157 283.5 0.00152622 0.0919448
158 285.3 0.0019513 0.0808053
159 287.1 0.00209727 0.111123
160 288.9 0.00282708 0.121615
161 290.7 0.00300122 0.0590086
162 292.5 0.00370799 0.128089
163 294.3 0.00454024 0.124943
164 296.1 0.0063763 0.563081
165 297.9 0.00734171 0.0999607
166 299.7 0.00984102 0.168835
167 301.5 0.0137513 0.183048
168 303.3 0.0186424 0.0976697
169 305.1 0.0241326 0.196657
170 306.9 0.0337867 0.0624545
171 308.7 0.0458505 0.0985828
172 310.5 0.0614071 0.139117
173 312.3 0.0799676 0.195695
174 314.1 0.103916 0.281399
175 315.9 0.13982 0.0992889
176 317.7 0.181028 0.193075
177 319.5 0.222561 0.278017
178 321.3 0.280135 0.211489
179 323.1 0.338477 0.204844
180 324.9 0.424034 0.420465
181 326.7 0.512688 0.129801
182 328.5 0.601467 0.650469
183 330.3 0.671914 -0.0522332
184 332.1 0.748202 0.131812
185 333.9 0.813829 -0.0696271
186 335.7 0.880071 0.337671
187 337.5 0.91523 0.508901
188 339.3 0.925791 0.174993
189 341.1 0.92005 0.113183
190 342.9 0.883889 0.278156
191 344.7 0.841475 0.518457
192 346.5 0.770667 0.306606
193 348.3 0.709442 0.26127
194 350.1 0.633677 0.45932
195 351.9 0.551781 0.00429402
196 353.7 0.471877 0.308697
197 355.5 0.399971 0.723064
198 357.3 0.332159 0.0235224
199 359.1 0.286002 0.377448
