0 0.9 0.238144 -0.0126433
1 2.7 0.197126 0.0513481
2 4.5 0.159595 0.229497
3 6.3 0.12729 0.0406092
4 8.1 0.102801 0.118919
5 9.9 0.08227 0.304413
6 11.7 0.0620113 -0.167744
7 13.5 0.0491928 -0.0878238
8 15.3 0.0393114 0.54265
9 17.1 0.0311613 0.270183
10 18.9 0.0241198 0.159251
11 20.7 0.0191111 0.0361107
12 22.5 0.0135966 0.17615
13 24.3 0.0116903 -0.0392952
14 26.1 0.00890391 0.122411
15 27.9 0.00783895 0.0967569
16 29.7 0.00658433 0.102323
17 31.5 0.00571873 0.164327
18 33.3 0.00436686 0.0513741
19 35.1 0.00354989 0.153193
20 36.9 0.00291286 0.0630254
21 38.7 0.00283505 0.0687797
22 40.5 0.00284478 0.0903544
23 42.3 0.00239253 0.0578016
24 44.1 0.00180899 0.120571
25 45.9 0.0016631 0.0320952
26 47.7 0.00106497 0.156838
27 49.5 0.000909357 0.072882
28 51.3 0.000700253 -0.0300852
29 53.1 0.000471698 0.110928
30 54.9 0.000476561 0.159609
31 56.7 0.000408481 0.0930992
32 58.5 0.000354989 0.104368
33 60.3 0.000398755 0.0366536
34 62.1 0.000427933 0.0989739
35 63.9 0.000393892 0.0735507
36 65.7 0.000471698 0.0557664
37 67.5 0.000437658 0.0501057
38 69.3 0.000432795 0.122877
39 71.1 0.000437658 0.0992472
40 72.9 0.000223692 0.0322762
41 74.7 0.000233418 0.0826427
42 76.5 0.000408481 0.0977116
43 78.3 0.000248006 0.0615526
44 80.1 0.000209103 0.111075
45 81.9 0.000213966 0.0113227
46 83.7 0.000238281 0.135518
47 85.5 0.000306361 0.0691099
48 87.3 0.000364715 0.077944
49 89.1 0.000330675 0.0618224
50 90.9 0.000427933 0.161223
51 92.7 0.000325812 0.0676444
52 94.5 0.000345264 0.0142355
53 96.3 0.000393892 0.0109673
54 98.1 0.000486287 0.150325
55 99.9 0.000773196 0.142142
56 101.7 0.000831551 0.053099
57 103.5 0.000831551 -0.0108556
58 105.3 0.0009823 0.15222
59 107.1 0.0017555 0.0837328
60 108.9 0.00248493 0.117359
61 110.7 0.00298094 0.14998
62 112.5 0.00396324 -0.156078
63 114.3 0.00575764 0.238737
64 116.1 0.00665241 0.178024
65 117.9 0.00886501 0.0454177
66 119.7 0.0118362 0.500213
67 121.5 0.0154445 -0.432772
68 123.3 0.0215911 0.247326
69 125.1 0.0311175 -0.0664257
70 126.9 0.0419277 0.202179
71 128.7 0.0562342 0.53993
72 130.5 0.0722331 -0.140239
73 132.3 0.0954241 0.379228
74 134.1 0.122345 -0.025191
75 135.9 0.155918 0.438618
76 137.7 0.193717 0.0833857
77 139.5 0.249139 0.0134998
78 141.3 0.307533 -0.116004
79 143.1 0.368961 0.647843
80 144.9 0.447073 1.17814
81 146.7 0.521037 0.00969116
82 148.5 0.586389 0.666186
83 150.3 0.656171 -0.085181
84 152.1 0.721134 0.260844
85 153.9 0.786151 0.221849
86 155.7 0.826615 0.101831
87 157.5 0.86649 1.62515
88 159.3 0.882655 1.23759
89 161.1 0.877967 0.295973
90 162.9 0.854747 0.207122
91 164.7 0.81083 0.847009
92 166.5 0.749067 0.218807
93 168.3 0.681293 -0.00756217
94 170.1 0.60693 0.177424
95 171.9 0.543397 -0.236645
96 173.7 0.478404 -0.358408
97 175.5 0.407927 0.0345682
98 177.3 0.342244 0.653309
99 179.1 0.286248 0.638025
100 180.9 0.234925 -0.254502
101 182.7 0.18457 0.197356
102 184.5 0.147335 0.421781
103 186.3 0.121688 -0.27603
104 188.1 0.0990323 -0.0997262
105 189.9 0.077626 0.657089
106 191.7 0.063227 -0.0069082
107 193.5 0.0500292 0.435223
108 195.3 0.0391364 0.085194
109 197.1 0.0308111 -0.064103
110 198.9 0.0264151 0.0645013
111 200.7 0.0219024 0.00707696
112 202.5 0.0183816 0.234477
113 204.3 0.014292 0.181812
114 206.1 0.0107761 0.224717
115 207.9 0.00835441 0.195384
116 209.7 0.0067448 -0.0105339
117 211.5 0.00554367 0.226897
118 213.3 0.00407022 -0.0723532
119 215.1 0.00319977 0.0282327
120 216.9 0.00225637 0.126019
121 218.7 0.00204241 0.13646
122 220.5 0.0013227 0.194849
123 222.3 0.00124003 0.125619
124 224.1 0.001454 0.181704
125 225.9 0.00144427 0.0863106
126 227.7 0.00113305 0.0551644
127 229.5 0.00115736 0.0807693
128 231.3 0.00103579 0.0575928
129 233.1 0.000831551 0.161258
130 234.9 0.00066135 0.0511144
131 236.7 0.000865591 0.139983
132 238.5 0.000564093 0.0852814
133 240.3 0.000432795 0.143606
134 242.1 0.000413344 0.0770469
135 243.9 0.000340401 0.0998073
136 245.7 0.000379304 0.0467781
137 247.5 0.000325812 0.149243
138 249.3 0.000267458 0.108139
139 251.1 0.000311224 0.103608
140 252.9 0.000277184 0.0362938
141 254.7 0.000311224 0.175258
142 256.5 0.000534916 0.0581659
143 258.3 0.000544641 0.0394685
144 260.1 0.000403618 0.107929
145 261.9 0.000496013 0.192542
146 263.7 0.000461973 0.0560574
147 265.5 0.000418207 0.0659831
148 267.3 0.000452247 0.238308
149 269.1 0.000461973 0.144087
150 270.9 0.00059327 0.136968
151 272.7 0.00062731 0.0635286
152 274.5 0.000778059 0.143019
153 276.3 0.000846139 0.182457
154 278.1 0.000987163 0.0178606
155 279.9 0.000996888 0.0665077
156 281.7 0.0011914 0.0381461
157 283.5 0.00159502 0.162828
158 285.3 0.00191597 0.102581
159 287.1 0.00221261 0.139024
160 288.9 0.00264054 -0.00642907
161 290.7 0.00284478 0.233454
162 292.5 0.00395351 0.0576197
163 294.3 0.006312 0.291949
164 296.1 0.00871426 -0.0534391
165 297.9 0.0102509 0.0215792
166 299.7 0.0124635 0.0916093
167 301.5 0.0180072 0.242613
168 303.3 0.0248104 -0.321268
169 305.1 0.0308306 0.195759
170 306.9 0.0419909 0.203996
171 308.7 0.0571047 -0.0820426
172 310.5 0.0759483 0.430573
173 312.3 0.0947822 -0.405361
174 314.1 0.122019 0.504089
175 315.9 0.156069 0.837732
176 317.7 0.198945 0.260668
177 319.5 0.24344 0.480923
178 321.3 0.299626 0.0409365
179 323.1 0.358617 0.20407
180 324.9 0.42854 -0.791944
181 326.7 0.502758 0.199785
182 328.5 0.576605 0.442066
183 330.3 0.653609 1.20172
184 332.1 0.723036 -0.532711
185 333.9 0.789988 0.498276
186 335.7 0.833408 1.54435
187 337.5 0.857071 -0.0353953
188 339.3 0.867108 -0.242651
189 341.1 0.864827 0.372091
190 342.9 0.835334 0.353429
191 344.7 0.799786 0.298816
192 346.5 0.755194 0.684586
193 348.3 0.706152 -0.494602
194 350.1 0.631059 0.567577
195 351.9 0.554046 0.56094
196 353.7 0.489462 0.366732
197 355.5 0.421368 0.351902
198 357.3 0.350448 0.586796
199 359.1 0.286122 0.071333
