0 0.9 0.218988 0.367871
1 2.7 0.179186 0.420412
2 4.5 0.141694 -0.840503
3 6.3 0.116605 0.466037
4 8.1 0.0924943 0.0781959
5 9.9 0.0763019 0.041658
6 11.7 0.0611359 0.462273
7 13.5 0.0469232 0.157072
8 15.3 0.0373606 0.409749
9 17.1 0.0295587 0.133834
10 18.9 0.0236878 0.209383
11 20.7 0.0195242 0.00159563
12 22.5 0.0152974 0.216265
13 24.3 0.0112991 0.137007
14 26.1 0.00968427 -0.164119
15 27.9 0.0077338 -0.0772745
16 29.7 0.00597302 0.613368
17 31.5 0.00492239 0.101569
18 33.3 0.00448463 0.229088
19 35.1 0.00369666 -0.0197184
20 36.9 0.00268494 0.00532808
21 38.7 0.0024466 0.317763
22 40.5 0.0022034 0.00382436
23 42.3 0.00173159 0.0282835
24 44.1 0.00166836 0.0659618
25 45.9 0.00139597 0.157369
26 47.7 0.00106036 0.0623928
27 49.5 0.000778244 -0.00200512
28 51.3 0.000622595 0.135704
29 53.1 0.000505858 0.0711601
30 54.9 0.000437762 0.0134737
31 56.7 0.000491266 -0.109133
32 58.5 0.000418306 0.339295
33 60.3 0.000432898 0.106628
34 62.1 0.000549635 0.121711
35 63.9 0.00044749 0.00734768
36 65.7 0.000389122 0.162127
37 67.5 0.000316162 0.0809378
38 69.3 0.000189697 0.0203606
39 71.1 0.000233473 0.0791375
40 72.9 0.000272385 0.0828114
41 74.7 0.000155649 0.0988864
42 76.5 0.000175105 0.0914532
43 78.3 0.000228609 0.0291799
44 80.1 0.000194561 0.0510273
45 81.9 0.000189697 0.163019
46 83.7 0.000150785 0.0694023
47 85.5 0.000262657 0.0915796
48 87.3 0.000296705 -0.0115081
49 89.1 0.000389122 0.135232
50 90.9 0.000413442 0.0937303
51 92.7 0.00049613 0.0186703
52 94.5 0.000530179 0.159161
53 96.3 0.00049613 0.0141755
54 98.1 0.000578819 0.244958
55 99.9 0.000680963 0.263106
56 101.7 0.000875524 -0.000367074
57 103.5 0.00118196 0.0901302
58 105.3 0.00175591 -0.26809
59 107.1 0.00172186 0.0729751
60 108.9 0.00240769 0.117943
61 110.7 0.00345832 -0.099988
62 112.5 0.00468892 0.0169954
63 114.3 0.00588547 -0.0270725
64 116.1 0.00784081 0.369672
65 117.9 0.0101269 -0.266376
66 119.7 0.0141786 0.450014
67 121.5 0.0172381 0.328491
68 123.3 0.020677 0.666995
69 125.1 0.0272239 -0.474531
70 126.9 0.0384696 0.179004
71 128.7 0.0538934 -0.104491
72 130.5 0.0712093 0.575849
73 132.3 0.0914436 -0.211202
74 134.1 0.119728 0.352313
75 135.9 0.150075 -0.0430122
76 137.7 0.191127 0.129716
77 139.5 0.241115 -0.0387075
78 141.3 0.309177 -0.306694
79 143.1 0.374895 0.738348
80 144.9 0.446036 0.742705
81 146.7 0.521404 1.26952
82 148.5 0.611666 1.1351
83 150.3 0.700774 -0.881671
84 152.1 0.780116 1.86757
85 153.9 0.840197 -0.276025
86 155.7 0.899436 -1.084
87 157.5 0.932132 0.477451
88 159.3 0.954973 1.08816
89 161.1 0.950576 0.408692
90 162.9 0.925911 1.17199
91 164.7 0.878428 -0.926365
92 166.5 0.815415 0.518073
93 168.3 0.737547 0.432287
94 170.1 0.668662 -0.904329
95 171.9 0.569932 -0.120215
96 173.7 0.499487 0.443469
97 175.5 0.424187 1.03333
98 177.3 0.360804 0.470367
99 179.1 0.299045 0.687606
100 180.9 0.246883 -0.612874
101 182.7 0.194065 0.113489
102 184.5 0.156913 0.315074
103 186.3 0.127773 0.963106
104 188.1 0.102772 0.16882
105 189.9 0.0820901 -0.0587979
106 191.7 0.0622109 -0.21947
107 193.5 0.0513884 0.486729
108 195.3 0.0398801 -0.127107
109 197.1 0.0302445 -0.735336
110 198.9 0.0242861 0.531987
111 200.7 0.0202052 0.27367
112 202.5 0.016027 -0.0695607
113 204.3 0.013055 0.536502
114 206.1 0.00985451 -0.422697
115 207.9 0.0084099 0.243638
116 209.7 0.00756842 -0.0467285
117 211.5 0.00581737 0.0843127
118 213.3 0.00443599 -0.10814
119 215.1 0.00339022 0.163973
120 216.9 0.00284545 -0.851835
121 218.7 0.00268981 0.0104238
122 220.5 0.0023931 0.220207
123 222.3 0.00189211 0.0151258
124 224.1 0.00177537 0.0515153
125 225.9 0.00170727 0.0585961
126 227.7 0.00134733 0.170546
127 229.5 0.00100199 0.028832
128 231.3 0.00101172 0.081259
129 233.1 0.000671235 0.0206652
130 234.9 0.000588547 0.0994629
131 236.7 0.000442626 0.0509941
132 238.5 0.000413442 0.0217028
133 240.3 0.000286977 0.0690711
134 242.1 0.000301569 0.0678986
135 243.9 0.000330754 0.134794
136 245.7 0.000282113 0.0420643
137 247.5 0.000233473 0.137576
138 249.3 0.000194561 0.0719466
139 251.1 0.000189697 0.0630109
140 252.9 0.000179969 0.0718332
141 254.7 0.000189697 0.00285329
142 256.5 0.000262657 0.143655
143 258.3 0.000175105 0.0524806
144 260.1 0.000189697 0.0861848
145 261.9 0.000233473 0.0982597
146 263.7 0.000257793 -0.0056941
147 265.5 0.000393986 0.081179
148 267.3 0.000384258 0.140112
149 269.1 0.000311298 0.0603566
150 270.9 0.00049613 0.165697
151 272.7 0.000817156 0.0189344
152 274.5 0.000924165 -0.135811
153 276.3 0.000812292 0.24895
154 278.1 0.00105549 0.145208
155 279.9 0.00107981 0.00595871
156 281.7 0.00119169 0.107538
157 283.5 0.00137652 0.0707406
158 285.3 0.00176564 0.0298771
159 287.1 0.00203803 0.0254123
160 288.9 0.00285032 0.234422
161 290.7 0.00286005 0.147872
162 292.5 0.00421224 0.212593
163 294.3 0.00510236 -0.0762516
164 296.1 0.00682909 -0.0245818
165 297.9 0.00925137 0.658816
166 299.7 0.0121649 0.0662936
167 301.5 0.016635 0.164122
168 303.3 0.0215719 -0.0983673
169 305.1 0.030371 0.10947
170 306.9 0.0404589 0.198488
171 308.7 0.0503621 -0.415265
172 310.5 0.0662577 0.589056
173 312.3 0.0855193 0.736237
174 314.1 0.109484 -0.0588041
175 315.9 0.139223 0.188073
176 317.7 0.176705 0.560348
177 319.5 0.228799 0.184681
178 321.3 0.278373 -0.439057
179 323.1 0.345696 0.417485
180 324.9 0.406136 0.933968
181 326.7 0.465346 -0.117037
182 328.5 0.548394 -0.202095
183 330.3 0.626136 1.52099
184 332.1 0.689091 -0.259859
185 333.9 0.743734 0.583548
186 335.7 0.782383 0.736602
187 337.5 0.816256 0.386072
188 339.3 0.838436 0.370659
189 341.1 0.826169 1.20514
190 342.9 0.79467 0.294964
191 344.7 0.766881 -0.606929
192 346.5 0.717765 0.541009
193 348.3 0.666143 0.525957
194 350.1 0.604365 0.507968
195 351.9 0.533656 0.794214
196 353.7 0.458016 0.566524
197 355.5 0.383616 0.149955
198 357.3 0.317499 0.774408
199 359.1 0.263382 0.303184
